## DM Noise
# [1] PPTA. Reardon et al., (2023), ApJ: 10.3847/2041-8213/acdd03, arXiv: 10.48550/arXiv.2306.16229
# [2] NANOGrav. Agazie et al., (2023), ApJ: 10.3847/2041-8213/acda88, MNRAS: 10.48550/arXiv.2306.16218
# [3]: EPTA + InPTA. Antoniadis et al., (2023), A&A: 10.1051/0004-6361/202346842, arXiv: 10.48550/arXiv.2306.16225 
# [4] Miles et al., (2023), MNRAS: 10.1093/mnras/stac3644, arXiv: 10.48550/arXiv.2212.04648 
# We take [4] first, then whichever PTA has lowest amplitude
PSR           ADM       ADM_L   ADM_H   gDM     gDM_L   gDM_H   Ref
J0030+0451    -16.8     -2.2    2.2     3.4     -2.3    2.4     [1]
J0101-6422                            
J0125-2327    -12.3     -0.1    0.1     4.0     -0.2    0.2     [4]
J0437-4715    -11.8     -0.1    0.1     1.3     -0.4    0.4     [4]
J0610-2100    -11.4     -0.2    0.2     1.4     -0.8    0.8     [4]
J0613-0200    -13.6     -0.1    0.1     2.4     -0.3    0.3     [1]
J0614-3329    -13.8     -0.5    0.5     5.0     -2.0    1.4     [1]
J0636-3044                            
J0711-6830    -14.1     -1.8    0.6     3.2     -1.1    2.4     [1]
J0900-3144    -10.9     -0.1    0.1     1.8     -0.5    0.5     [4]
J0931-1902                            
J0955-6150    -10.9     -0.1    0.1     2.7     -0.7    0.7     [4]
J1012-4235                            
J1017-7156    -11.3     -0.1    0.1     1.4     -0.3    0.3     [4]
J1022+1001    -11.3     -0.5    0.5     2.0     -0.2    0.2     [4]
J1024-0719    -13.9     -0.5    0.3     3.5     -0.7    1.0     [1]
J1036-8317                            
J1045-4509    -10.9     -0.1    0.1     1.7     -0.4    0.4     [4]
J1101-6424    -11.0     -0.1    0.1     2.9     -0.9    0.9     [4]
J1103-5403                            
J1125-5825    -11.4     -0.2    0.2     5.0     -0.1    0.1     [4]
J1125-6014    -11.7     -0.2    0.2     4.0     -0.1    0.1     [4]
J1216-6410    -11.7     -0.2    0.2     1.6     -0.6    0.6     [4]
J1231-1411                            
J1327-0755                            
J1421-4409                            
J1431-5740    -10.6     -0.1    0.1     2.3     -0.5    0.5     [4]
J1435-6100                            
J1446-4701    -11.5     -0.3    0.3     3.0     -0.1    0.1     [4]
J1455-3330                            
J1514-4946                            
J1525-5545    -10.6     -0.1    0.1     2.0     -0.1    0.1     [4]
J1543-5149                            
J1545-4550    -11.7     -0.3    0.3     4.0     -0.1    0.1     [4]
J1547-5709    -11.2     -0.2    0.2     1.0     -0.6    0.6     [4]
J1600-3053    -11.8     -0.3    0.3     3.0     -0.2    0.2     [4]
J1603-7202    -13.2     -0.1    0.1     2.3     -0.2    0.3     [1]
J1614-2230                            
J1629-6902                            
J1643-1224    -10.7     -0.1    0.1     3.5     -0.7    0.7     [4]
J1652-4838    -10.7     -0.1    0.1     1.6     -0.5    0.5     [4]
J1653-2054    -10.9     -0.1    0.1     0.8     -0.4    0.4     [4]
J1658-5324                            
J1705-1903    -11.1     -0.1    0.1     0.7     -0.4    0.4     [4]
J1708-3506                            
J1713+0747    -13.9     -0.1    0.1     2.1     -0.3    0.4     [1]
J1719-1438                            
J1721-2457                            
J1730-2304    -13.5     -0.3    0.2     2.5     -0.3    0.4     [1]
J1731-1847                            
J1732-5049                            
J1737-0811    -11.1     -0.1    0.1     0.8     -0.5    0.5     [4]
J1744-1134    -14.2     -0.3    0.2     3.2     -0.6    0.9     [1]
J1747-4036    -10.8     -0.1    0.1     2.1     -0.5    0.5     [4]
J1751-2857    -11.08    -0.33   0.22    2.13    -0.7    0.99    [3]
J1756-2251    -10.9     -0.1    0.1     0.4     -0.4    0.4     [4]
J1757-5322                            
J1801-1417    -10.73    -0.26   0.27    1.68    -1.06   1.16    [3]
J1802-2124    -10.7     -0.1    0.1     1.7     -0.5    0.5     [4]
J1804-2717    -11.19    -0.83   0.18    0.78    -0.71   2.95    [3]
J1804-2858                            
J1811-2405    -11.3     -0.1    0.1     1.5     -0.5    0.5     [4]
J1825-0319    -11.0     -0.1    0.1     2.2     -0.7    0.7     [4]
J1832-0836    -11.4     -0.2    0.2     2.0     -0.1    0.1     [4]
J1843-1113    -11.2     -0.1    0.1     3.2     -0.7    0.7     [4]
J1843-1448                            
J1902-5105    -13.1     -0.3    0.2     1.4     -0.9    0.6     [1]
J1903-7051                            
J1909-3744    -11.72    -0.09   0.09    2.6     -0.4    0.4     [4]
J1911-1114                            
J1918-0642    -12.09    -0.44   0.4     3.49    -1.06   1.13    [3]
J1933-6211    -16.9     -2.1    2.1     3.3     -2.3    2.4     [1]
J1946-5403                            
J2010-1323                            
J2039-3616                            
J2124-3358    -17.3     -1.8    2.0     3.0     -2.1    2.5     [1]
J2129-5721    -13.7     -0.1    0.1     3.1     -0.4    0.5     [1]
J2145-0750    -13.5     -0.2    0.2     1.8     -0.3    0.5     [1]
J2150-0326                            
J2222-0137                            
J2229+2643                            
J2234+0944                            
J2236-5527                            
J2241-5236    -14.0     -0.1    0.1     2.7     -0.3    0.4     [1]
J2317+1439                            
J2322+2057                            
J2322-2650                            
