#PSR	RA	DEC	IntTime	ExpPrecision
J0030+0451	7.61428258	4.8610309	512.0	0.5543717164502532
J0101-6422	15.29631686167	-64.37504757222	2592.0	0.7078138879677339
J0125-2327	21.25441	-23.45227	512.0	0.16122034611053282
J0437-4715	69.315894532	-47.2523951167	512.0	0.052325901807804505
J0610-2100	92.5566339	-21.0077822	512.0	0.5868986283848343
J0613-0200	93.43323	-2.0131	512.0	0.20011121907579293
J0614-3329	93.5431158	-33.4983661	512.0	0.40658639918226475
J0636-3044	99.2875	-30.845	2448.0	0.7085209947489205
J0711-6830	107.97594058	-68.51322193	512.0	0.5451793282948281
J0900-3144	135.1831402	-31.7419175	512.0	0.42567828227430154
J0931-1902	142.82969	-19.0486	912.0	0.7085209947489206
J0955-6150	148.83686	-61.83803	544.0	0.7170062761231591
J1012-4235	153.05	-42.5982	512.0	0.5536646096690666
J1017-7156	154.46386835	-71.94490166	512.0	0.08838834764831843
J1022+1001	155.741742	10.0314566	512.0	0.4475985924910846
J1024-0719	156.1612	-7.32199	512.0	0.4490128060534576
J1036-8317	159.169	-83.2989	512.0	0.42426406871192845
J1045-4509	161.45912213	-45.16503952	512.0	0.47234732983261374
J1101-6424	165.404968	-64.4109256	2320.0	0.7085209947489206
J1103-5403	165.888725	-54.062013	512.0	0.4398204178980325
J1125-5825	171.4348558312	-58.421355589	512.0	0.38042344827836255
J1125-6014	171.480075	-60.2351689	512.0	0.10111626970967627
J1216-6410	184.030582	-64.169229	512.0	0.19869700551341987
J1231-1411	187.797138	-14.195453	4256.0	0.707813887967734
J1327-0755	201.98995	-7.924944	1136.0	0.7099352083112936
J1421-4409	215.3373605	-44.1512564	800.0	0.7127636354360398
J1431-5740	217.7645644	-57.6699076	576.0	0.7120565286548532
J1435-6100	218.834459	-61.0160997	512.0	0.5586143571373725
J1446-4701	221.6488081767	-47.024101811	512.0	0.2757716446627535
J1455-3330	223.94987567	-33.51288498	960.0	0.7120565286548531
J1514-4946	228.5796427	-49.7709795	656.0	0.7113494218736669
J1525-5545	231.367225	-55.763845	1408.0	0.7106423150924801
J1543-5149	235.93396	-51.831858	512.0	0.6901362184380703
J1545-4550	236.48310705	-45.8437599	512.0	0.2262741699796952
J1547-5709	236.85052	-57.1548805	1232.0	0.7099352083112939
J1600-3053	240.21627	-30.89704	512.0	0.0905096679918781
J1603-7202	240.89866466	-72.04241679	512.0	0.3775950211536164
J1614-2230	243.65211392	-22.5086863	512.0	0.1810193359837562
J1629-6902	247.2865442	-69.045915	512.0	0.2998132752230961
J1643-1224	250.91	-12.4163	512.0	0.2085965004500315
J1652-4838	253.0	-48.6	1728.0	0.7099352083112938
J1653-2054	253.37929	-20.91531	2672.0	0.7085209947489206
J1658-5324	254.6639318925	-53.40194565	640.0	0.7085209947489205
J1705-1903	256.43271	-19.06148	512.0	0.13293607486307094
J1708-3506	257.0734259846	-35.106293383	2192.0	0.709228101530107
J1713+0747	258.45639	7.79375	512.0	0.0685893577750951
J1719-1438	259.7919706	-14.6335951	1376.0	0.7099352083112938
J1721-2457	260.2729079	-24.951714	3616.0	0.707813887967734
J1730-2304	262.5902557	-23.075333	512.0	0.34153257531310244
J1731-1847	262.82337796	-18.7923888	512.0	0.6689230150024739
J1732-5049	263.19902804	-50.8167113	512.0	0.5112382027978738
J1737-0811	264.4463015	-8.1858019	1792.0	0.7085209947489205
J1744-1134	266.123	-11.5819	512.0	0.08838834764831843
J1747-4036	266.95298707333	-40.61521469444	512.0	0.4582051942088827
J1751-2857	267.88622165	-28.9629222	1072.0	0.7078138879677339
J1756-2251	269.1943068	-22.866519	1264.0	0.7071067811865476
J1757-5322	269.3131643	-53.3740078	512.0	0.6307392488184004
J1801-1417	270.46280555	-14.2929239	512.0	0.5091168824543142
J1802-2124	270.52222873	-21.4010166	512.0	0.3486036431249679
J1804-2717	271.08805453	-27.2920375	592.0	0.7071067811865475
J1804-2858	271.00635	-28.97961	2208.0	0.7085209947489206
J1811-2405	272.83272521	-24.088451	512.0	0.20364675298172566
J1825-0319	276.483138	-3.332658	1920.0	0.7085209947489206
J1832-0836	278.11497675	-8.6152692	512.0	0.2573868683519033
J1843-1113	280.92192465	-11.22529683	512.0	0.23900209204105302
J1843-1448	280.7557292	-14.803503	3744.0	0.7085209947489206
J1902-5105	285.51186844708	-51.09915834722	512.0	0.19869700551341987
J1903-7051	285.9116426204	-70.862065828	512.0	0.43133513652379396
J1909-3744	287.447652429	-37.737328222	512.0	0.03394112549695428
J1911-1114	287.95534304	-11.2395781	1456.0	0.7071067811865476
J1918-0642	289.700136342	-6.70969457	512.0	0.25243712088359743
J1933-6211	293.3851112	-62.1963544	736.0	0.7127636354360398
J1946-5403	296.6	-54.0618	512.0	0.26021529547664946
J2010-1323	302.6913379	-13.3989119	512.0	0.29132799384885755
J2039-3616	309.8191	-36.27144	752.0	0.7071067811865475
J2124-3358	321.18272301	-33.97907469	512.0	0.43487067042972666
J2129-5721	322.34485547	-57.35394393	512.0	0.3981011178080262
J2145-0750	326.4602666	-7.8384548	512.0	0.35143207024971407
J2150-0326	327.61347	-3.44244	512.0	0.40305086527633205
J2222-0137	335.52487125	-1.62103456	512.0	0.44123463146040565
J2229+2643	337.46201887	26.73268012	1440.0	0.7071067811865475
J2234+0944	338.695206	9.74182	512.0	0.4681046891454944
J2236-5527	339.216036	-55.463569	5056.0	0.7085209947489206
J2241-5236	340.4250708242	-52.610058683	512.0	0.036769552621700466
J2317+1439	349.2884931	14.6586561	512.0	0.5091168824543142
J2322+2057	350.5930632	20.9507437	2080.0	0.7085209947489205
J2322-2650	350.64433355	-26.84953261	576.0	0.7162991693419726
